const routeCoordinates = {
  route1: {
    label: "שדרות ירושלים – דוד בן גוריון – דרך יצחק רבין",
    positions: [
      [32.074638, 34.823874],
      [32.074652, 34.823495],
      [32.074666, 34.823132],
      [32.074724, 34.821945],
      [32.074745, 34.820961],
      [32.074776, 34.820231],
      [32.074822, 34.819450],
      [32.074876, 34.818603],
      [32.074858, 34.818503],
      [32.074803, 34.818594],
      [32.074876, 34.818603],
      [32.074858, 34.818503],
      [32.074335, 34.818480],
      [32.073856, 34.818398],
      [32.073460, 34.818338],
      [32.073175, 34.818354],
      [32.072813, 34.818373],
      [32.072151, 34.818291],
      [32.071947, 34.818266],
      [32.071333, 34.818080],
      [32.070893, 34.817852],
      [32.070182, 34.817505],
      [32.069509, 34.817278],
      [32.069067, 34.817115],
      [32.068367, 34.816875],
      [32.067335, 34.816510],
      [32.066726, 34.816294],
      [32.066556, 34.816164],
      [32.066211, 34.815931],
      [32.066098, 34.815852],
      [32.065981, 34.815751],
      [32.065784, 34.815604],
      [32.065211, 34.815178],
      [32.064934, 34.814967],
      [32.064783, 34.814960],
      [32.064899, 34.815095],
      [32.064934, 34.814967],
      [32.065000, 34.814702],
      [32.065105, 34.814224],
      [32.065277, 34.813145],
      [32.065492, 34.812256],
      [32.065822, 34.811359],
      [32.066013, 34.810881],
      [32.066246, 34.810250],
      [32.066390, 34.809832],
      [32.066448, 34.809612],
      [32.066489, 34.809382],
      [32.066514, 34.809210],
      [32.066523, 34.809037],
      [32.066525, 34.808961],
      [32.066536, 34.808660],
      [32.066538, 34.808597],
      [32.066535, 34.808481],
      [32.066532, 34.808396],
      [32.066525, 34.808323],
      [32.066462, 34.807694],
      [32.066433, 34.807301],
      [32.066426, 34.807214],
      [32.066423, 34.807162],
      [32.066376, 34.806535],
      [32.066372, 34.806475],
      [32.066316, 34.805675],
      [32.066287, 34.805644],
      [32.066262, 34.805625],
      [32.066226, 34.805610],
      [32.066193, 34.805604],
      [32.066255, 34.806419],
      [32.066266, 34.806548],
      [32.066315, 34.807173],
      [32.066331, 34.807364],
      [32.066343, 34.807497],
      [32.066424, 34.808329]
    ]
  },
  route2: {
    label: "ביאליק – הרצל – קריניצי – הרא\"ה",
    positions: [
      [32.083423, 34.814420],
      [32.083487, 34.814657],
      [32.083539, 34.814765],
      [32.083608, 34.814996],
      [32.083750, 34.815447],
      [32.083765, 34.815495],
      [32.083772, 34.815520],
      [32.083785, 34.815578],
      [32.083819, 34.815813],
      [32.083860, 34.816278],
      [32.083884, 34.816598],
      [32.083913, 34.817177],
      [32.083954, 34.817826],
      [32.083985, 34.818534],
      [32.084035, 34.819373],
      [32.084039, 34.819430],
      [32.083628, 34.819334],
      [32.083157, 34.819224],
      [32.081981, 34.818981],
      [32.081751, 34.818912],
      [32.081283, 34.818753],
      [32.081021, 34.818591],
      [32.080999, 34.818563],
      [32.080985, 34.818556],
      [32.080973, 34.818580],
      [32.080988, 34.818586],
      [32.081021, 34.818591],
      [32.081283, 34.818753],
      [32.081751, 34.818912],
      [32.081981, 34.818981],
      [32.083157, 34.819224],
      [32.083628, 34.819334],
      [32.084039, 34.819430],
      [32.084058, 34.819599],
      [32.084014, 34.819953],
      [32.083910, 34.820513],
      [32.083865, 34.820778],
      [32.083858, 34.820834],
      [32.083792, 34.821231],
      [32.083763, 34.821406],
      [32.083755, 34.821478],
      [32.083748, 34.821545],
      [32.083815, 34.821583],
      [32.084248, 34.821832],
      [32.084796, 34.822146],
      [32.084839, 34.822170],
      [32.085319, 34.822230],
      [32.085409, 34.822239],
      [32.085483, 34.822246],
      [32.085487, 34.822156],
      [32.085496, 34.822061],
      [32.085517, 34.821837],
      [32.085538, 34.821748],
      [32.085685, 34.821809],
      [32.085899, 34.821932],
      [32.086115, 34.822049],
      [32.086225, 34.822102],
      [32.086537, 34.822192],
      [32.086853, 34.822220],
      [32.087057, 34.822247]
    ]
  },
  route3: route3: {
    label: "שדרות ירושלים – הרצל – פארק גבעת השחר",
    positions: [
      [32.074638, 34.823874],
      [32.074652, 34.823495],
      [32.074666, 34.823132],
      [32.074724, 34.821945],
      [32.074745, 34.820961],
      [32.074776, 34.820231],
      [32.074822, 34.819450],
      [32.074876, 34.818603],
      [32.075337, 34.818688],
      [32.075964, 34.818816],
      [32.077067, 34.819092],
      [32.077116, 34.819104],
      [32.077184, 34.819120],
      [32.077457, 34.819183],
      [32.078025, 34.819353],
      [32.078945, 34.819624],
      [32.079376, 34.819756],
      [32.079446, 34.819776],
      [32.080188, 34.819989],
      [32.080252, 34.820005],
      [32.080295, 34.820016],
      [32.080334, 34.819911],
      [32.080961, 34.818632],
      [32.080988, 34.818586],
      [32.081021, 34.818591],
      [32.081283, 34.818753],
      [32.081751, 34.818912],
      [32.081981, 34.818981],
      [32.083157, 34.819224],
      [32.083628, 34.819334],
      [32.084039, 34.819430],
      [32.084058, 34.819599],
      [32.084014, 34.819953],
      [32.083910, 34.820513],
      [32.083865, 34.820778],
      [32.083858, 34.820834],
      [32.083792, 34.821231],
      [32.083763, 34.821406],
      [32.083755, 34.821478],
      [32.083748, 34.821545],
      [32.083736, 34.821655],
      [32.083630, 34.822553],
      [32.083548, 34.823174],
      [32.083487, 34.823773],
      [32.083455, 34.823959],
      [32.083396, 34.824173],
      [32.083324, 34.824334],
      [32.083234, 34.824513],
      [32.083154, 34.824662],
      [32.083065, 34.824808],
      [32.082897, 34.825052],
      [32.082737, 34.825208],
      [32.082577, 34.825332],
      [32.082682, 34.825729],
      [32.082738, 34.825996],
      [32.082754, 34.826083],
      [32.082810, 34.826513],
      [32.082884, 34.827102],
      [32.082930, 34.827539],
      [32.082974, 34.827848],
      [32.083080, 34.828499],
      [32.083145, 34.828792],
      [32.083266, 34.829112],
      [32.083403, 34.829355],
      [32.083516, 34.829476],
      [32.083615, 34.829556],
      [32.083802, 34.829651],
      [32.083948, 34.829687],
      [32.084143, 34.829733],
      [32.084469, 34.829782],
      [32.084939, 34.829845],
      [32.085103, 34.829870],
      [32.085210, 34.829889],
      [32.085716, 34.829980],
      [32.086309, 34.830030],
      [32.086261, 34.830339],
      [32.086158, 34.830940],
      [32.086098, 34.831381],
      [32.086047, 34.831883],
      [32.085969, 34.832660],
      [32.085956, 34.832803],
      [32.085956, 34.832812],
      [32.085937, 34.833052],
      [32.085877, 34.833691],
      [32.085754, 34.835340],
      [32.085691, 34.836047],
      [32.085659, 34.836437],
      [32.085650, 34.836539],
      [32.085637, 34.836696],
      [32.085597, 34.837127],
      [32.085527, 34.837920],
      [32.085509, 34.838158],
      [32.085507, 34.838303],
      [32.085616, 34.838684],
      [32.085851, 34.839547],
      [32.085246, 34.839806],
      [32.084481, 34.840156],
      [32.083641, 34.840560],
      [32.083605, 34.840577],
      [32.083072, 34.840795],
      [32.082619, 34.840931],
      [32.082570, 34.840937],
      [32.081945, 34.841015],
      [32.081698, 34.841044],
      [32.081662, 34.841047],
      [32.081443, 34.841054],
      [32.081256, 34.841080],
      [32.080056, 34.841348],
      [32.079119, 34.841658],
      [32.078511, 34.841878],
      [32.077827, 34.842157],
      [32.077208, 34.842419],
      [32.076947, 34.842528],
      [32.076508, 34.842578],
      [32.076485, 34.842581],
      [32.076433, 34.842684],
      [32.076369, 34.843155],
      [32.076276, 34.843741],
      [32.076201, 34.844214],
      [32.076096, 34.844826],
      [32.076066, 34.844922],
      [32.076035, 34.845008],
      [32.075998, 34.845067],
      [32.075944, 34.845142],
      [32.075894, 34.845201],
      [32.075683, 34.845400],
      [32.075609, 34.845479],
      [32.075534, 34.845553],
      [32.075455, 34.845634],
      [32.075394, 34.845705],
      [32.075325, 34.845821],
      [32.075286, 34.845948],
      [32.075257, 34.846083],
      [32.075220, 34.846238],
      [32.075172, 34.846439],
      [32.075128, 34.846573],
      [32.075088, 34.846649],
      [32.075005, 34.846744],
      [32.074933, 34.846837],
      [32.074842, 34.846967],
      [32.074742, 34.847158],
      [32.074728, 34.847191],
      [32.074508, 34.847738],
      [32.074301, 34.848229],
      [32.074215, 34.848431],
      [32.074152, 34.848580],
      [32.073883, 34.849217],
      [32.073831, 34.849341],
      [32.073897, 34.849422],
      [32.073976, 34.849464],
      [32.074063, 34.849496],
      [32.074150, 34.849506],
      [32.074259, 34.849504],
      [32.074475, 34.849537]
    ]
  },
  route4: {
    label: "אבא הלל – תובל – היצירה – דרך מנחם בגין",
    positions: [
      [32.082847, 34.803467],
      [32.083005, 34.803443],
      [32.083121, 34.803433],
      [32.083433, 34.803420],
      [32.083740, 34.803425],
      [32.083850, 34.803429],
      [32.084042, 34.803449],
      [32.084202, 34.803495],
      [32.084336, 34.803545],
      [32.084545, 34.803685],
      [32.084645, 34.803589],
      [32.084785, 34.803278],
      [32.084875, 34.803090],
      [32.084977, 34.802913],
      [32.085187, 34.802638],
      [32.085215, 34.802608],
      [32.085290, 34.802529],
      [32.085324, 34.802507],
      [32.085353, 34.802475],
      [32.085373, 34.802436],
      [32.085383, 34.802390],
      [32.085382, 34.802342],
      [32.085370, 34.802297],
      [32.085347, 34.802258],
      [32.085314, 34.802225],
      [32.085328, 34.802196],
      [32.085364, 34.802098],
      [32.085379, 34.802028],
      [32.085385, 34.801968],
      [32.085382, 34.801669],
      [32.085381, 34.801591],
      [32.085365, 34.801411],
      [32.085336, 34.801240],
      [32.085331, 34.801212],
      [32.085284, 34.801014],
      [32.085268, 34.800963],
      [32.085244, 34.800900],
      [32.085220, 34.800846],
      [32.085093, 34.800599],
      [32.085047, 34.800419],
      [32.085052, 34.800374],
      [32.085058, 34.800344],
      [32.085071, 34.800309],
      [32.085090, 34.800281],
      [32.085112, 34.800255],
      [32.085147, 34.800232],
      [32.085181, 34.800221],
      [32.085529, 34.800304],
      [32.085539, 34.800306],
      [32.085716, 34.800363],
      [32.085892, 34.800438],
      [32.086373, 34.800661],
      [32.086459, 34.800702],
      [32.086531, 34.800735],
      [32.086687, 34.800811],
      [32.086783, 34.800858],
      [32.087505, 34.801281],
      [32.087649, 34.801367],
      [32.087714, 34.801415]
    ]
  },
  route5: {
    label: "ז'בוטינסקי – אבא הלל – בן גוריון – רוקח",
    positions: [
      [32.082847, 34.803467],
      [32.083005, 34.803443],
      [32.083121, 34.803433],
      [32.083433, 34.803420],
      [32.083740, 34.803425],
      [32.083850, 34.803429],
      [32.084042, 34.803449],
      [32.084202, 34.803495],
      [32.084336, 34.803545],
      [32.084545, 34.803685],
      [32.084744, 34.803831],
      [32.085342, 34.804340],
      [32.085527, 34.804492],
      [32.085604, 34.804562],
      [32.086410, 34.805214],
      [32.086751, 34.805468],
      [32.087288, 34.805921],
      [32.087445, 34.806074],
      [32.087541, 34.806169],
      [32.087595, 34.806221],
      [32.087655, 34.806299],
      [32.087744, 34.806431],
      [32.087927, 34.806700],
      [32.088383, 34.807548],
      [32.088603, 34.807922],
      [32.089505, 34.809383],
      [32.089784, 34.809825],
      [32.089809, 34.809867],
      [32.090352, 34.810807],
      [32.090469, 34.811017],
      [32.090520, 34.811149],
      [32.090736, 34.811905],
      [32.091034, 34.812897],
      [32.091292, 34.813775],
      [32.091354, 34.813956],
      [32.091437, 34.814105],
      [32.092462, 34.815740],
      [32.092490, 34.815785],
      [32.092852, 34.816356],
      [32.092900, 34.816433],
      [32.093085, 34.816723],
      [32.093095, 34.816738],
      [32.093405, 34.817229],
      [32.093434, 34.817276],
      [32.093457, 34.817313],
      [32.093824, 34.817914],
      [32.093878, 34.818011],
      [32.094076, 34.818330],
      [32.094920, 34.819367],
      [32.094975, 34.819436],
      [32.095002, 34.819485],
      [32.095049, 34.819572],
      [32.095256, 34.819854],
      [32.095469, 34.820164],
      [32.095611, 34.820355],
      [32.095858, 34.820655],
      [32.096110, 34.820931],
      [32.096418, 34.821202],
      [32.096621, 34.821401],
      [32.096721, 34.821485],
      [32.096680, 34.821536],
      [32.096645, 34.821563],
      [32.096605, 34.821584],
      [32.096570, 34.821591],
      [32.096371, 34.821634],
      [32.096299, 34.821645],
      [32.095906, 34.821707],
      [32.095431, 34.821770],
      [32.095245, 34.821796],
      [32.095167, 34.821806],
      [32.095172, 34.821911],
      [32.095252, 34.821898],
      [32.095448, 34.821864],
      [32.095828, 34.821803],
      [32.096384, 34.821728],
      [32.096515, 34.821711],
      [32.096595, 34.821690],
      [32.096648, 34.821673],
      [32.096699, 34.821641],
      [32.096744, 34.821601],
      [32.096789, 34.821545],
      [32.096860, 34.821449],
      [32.096810, 34.821392],
      [32.096709, 34.821293],
      [32.096639, 34.821223],
      [32.096446, 34.821056],
      [32.096087, 34.820729],
      [32.095837, 34.820487],
      [32.095703, 34.820313],
      [32.095543, 34.820105],
      [32.095456, 34.819991],
      [32.095140, 34.819518],
      [32.095072, 34.819405],
      [32.095041, 34.819352],
      [32.094975, 34.819436]
    ]
  }
};